
2108.07 2105.55 2103.03 2100.51 2097.99 2095.46 2092.94 2090.42 2087.9 

2108.07 2105.55 2103.03 2100.51 2097.99 2095.46 2092.94 2090.42 2117.09 

2108.07 2105.55 2103.03 2100.51 2097.99 2095.46 2092.94 2119.06 2146.27 

2108.07 2105.55 2103.03 2100.51 2097.99 2095.46 2121.05 2147.85 2176.53 

2108.07 2105.55 2103.03 2100.51 2097.99 2123.04 2149.45 2177.87 2206.49 

2108.07 2105.55 2103.03 2100.51 2125.04 2151.05 2179.21 2207.74 2209.59 

2108.07 2105.55 2103.03 2127.05 2152.67 2180.56 2209 2210.83 2210.55 

2108.07 2105.55 2129.07 2154.29 2181.92 2210.25 2212.08 2211.8 2212.08 

2108.07 2131.1 2155.93 2183.28 2211.5 2213.32 2213.05 2213.32 2213.05 

2108.07 2157.57 2184.65 2212.75 2214.57 2214.3 2214.57 2214.3 2214.57 

2108.07 2161.34 2214.01 2215.82 2215.55 2215.81 2215.54 2215.81 2215.54 

2108.07 2164.49 2192.48 2216.8 2217.06 2216.79 2217.05 2216.79 2217.05 

2108.07 2139.33 2167.43 2193.75 2218.04 2218.3 2218.04 2218.3 2218.04 

2108.07 2111.68 2141.01 2168.84 2195.02 2219.29 2219.54 2219.29 2219.54 

2108.07 2110.21 2113.79 2142.7 2170.26 2196.3 2220.53 2220.78 2220.53 

2108.07 2110.21 2112.35 2115.91 2144.41 2171.69 2197.58 2221.78 2222.02 

2108.07 2110.22 2112.35 2114.51 2118.04 2146.12 2173.13 2198.87 2223.02 

2108.07 2110.22 2112.37 2114.51 2116.66 2120.17 2147.84 2174.58 2175.81 

2108.07 2110.22 2112.37 2114.52 2116.66 2118.82 2122.3 2125.28 2126.56 

2108.07 2110.22 2112.38 2114.52 2116.68 2118.82 2096.97 2075.19 2075.2 

2108.07 2110.23 2112.38 2114.54 2116.68 2095.22 2072.41 2047.45 2024.3 

2108.07 2110.23 2112.38 2114.54 2093.46 2070.95 2046.19 2021.77 2019.83 

2108.07 2110.23 2112.39 2091.69 2069.48 2044.93 2020.58 2018.65 2019.25 

2108.07 2110.23 2089.91 2068.01 2043.66 2019.39 2017.47 2018.06 2017.47 

2108.07 2088.12 2066.52 2042.38 2018.2 2016.29 2016.87 2016.29 2016.88 

2108.07 2065.02 2041.1 2017.01 2015.1 2015.68 2015.11 2015.69 2015.11 

2108.07 2061.28 2015.81 2013.92 2014.49 2013.92 2014.5 2013.92 2014.5 

2108.07 2058.87 2034.1 2013.3 2012.74 2013.31 2012.74 2013.31 2012.74 

2108.07 2080.81 2056.25 2032.91 2012.12 2011.56 2012.12 2011.56 2012.12 

2108.07 2104.95 2079.3 2054.94 2031.71 2010.93 2010.38 2010.93 2010.38 

2108.07 2106.21 2103.11 2077.78 2053.63 2030.5 2009.75 2009.21 2009.75 

2108.07 2106.21 2104.35 2101.26 2076.25 2052.3 2029.29 2008.56 2008.03 

2108.07 2106.21 2104.35 2102.48 2099.41 2074.72 2050.97 2028.08 2007.38 

2108.07 2106.2 2104.33 2102.48 2100.6 2097.55 2073.17 2049.63 2048.07 

2108.07 2106.2 2104.33 2102.45 2100.6 2098.71 2095.68 2092.77 2091.56 

2108.07 2106.2 2104.32 2102.45 2100.57 2098.71 2117.77 2136.92 2137.12 

2108.07 2106.19 2104.32 2102.44 2100.57 2119.33 2139.41 2161.68 2181.9 

2108.07 2106.19 2104.31 2102.43 2120.89 2140.74 2162.85 2184.19 2186.13 

2108.07 2106.19 2104.31 2122.47 2142.08 2164.02 2185.31 2187.24 2186.47 

2108.07 2106.19 2124.05 2143.43 2165.2 2186.43 2188.36 2187.59 2188.35 

2108.07 2125.64 2144.78 2166.39 2187.55 2189.47 2188.71 2189.46 2188.71 

2108.07 2146.15 2167.58 2188.68 2190.58 2189.83 2190.58 2189.83 2190.58 

2108.07 2149.82 2189.8 2191.69 2190.95 2191.69 2190.95 2191.69 2190.95 

2108.07 2151.71 2173.92 2192.07 2192.8 2192.07 2192.8 2192.07 2192.8 

2108.07 2132.24 2154.07 2175.04 2193.19 2193.91 2193.19 2193.91 2193.19 

2108.07 2110.82 2133.6 2155.28 2176.17 2194.31 2195.01 2194.31 2195.02 

2108.07 2109.71 2112.45 2134.98 2156.5 2177.3 2195.42 2196.12 2195.43 

2108.07 2109.71 2111.35 2114.08 2136.37 2157.73 2178.43 2196.54 2197.23 

2108.07 2109.72 2111.36 2113.01 2115.72 2137.76 2158.96 2179.56 2197.66 

2108.07 2109.72 2111.37 2113.01 2114.67 2117.37 2139.16 2160.19 2161.95 

2108.07 2109.73 2111.37 2113.03 2114.68 2116.34 2119.02 2121.85 2122.98 

2108.07 2109.73 2111.39 2113.04 2114.7 2116.35 2099.46 2082.37 2082.03 

2108.07 2109.73 2111.39 2113.05 2114.71 2098.06 2080.12 2060 2042.05 

2108.07 2109.73 2111.4 2113.06 2096.65 2078.9 2058.91 2039.96 2038.06 

2108.07 2109.74 2111.4 2095.23 2077.67 2057.82 2038.91 2037.02 2037.88 

2108.07 2109.74 2093.81 2076.43 2056.72 2037.86 2035.98 2036.83 2035.98 

2108.07 2092.37 2075.19 2055.62 2036.8 2034.93 2035.77 2034.94 2035.78 

2108.07 2073.94 2054.51 2035.75 2033.89 2034.72 2033.89 2034.73 2033.89 

2108.07 2070.36 2034.69 2032.85 2033.67 2032.85 2033.67 2032.85 2033.67 

2108.07 2068.84 2048.7 2032.62 2031.81 2032.62 2031.81 2032.62 2031.81 

2108.07 2086.36 2066.69 2047.66 2031.57 2030.77 2031.57 2030.77 2031.57 

2108.07 2105.61 2085.11 2065.57 2046.6 2030.53 2029.73 2030.52 2029.73 

2108.07 2106.61 2104.16 2083.86 2064.44 2045.55 2029.48 2028.69 2029.47 

2108.07 2106.6 2105.13 2102.69 2082.6 2063.31 2044.49 2028.43 2027.65 

2108.07 2106.6 2105.13 2103.65 2101.22 2081.33 2062.17 2043.43 2027.38 

2108.07 2106.59 2105.11 2103.64 2102.16 2099.74 2080.05 2061.03 2059.17 

2108.07 2106.59 2105.11 2103.63 2102.15 2100.67 2098.26 2095.54 2094.47 

2108.07 2106.59 2105.1 2103.62 2102.13 2100.66 2115.8 2131.25 2131.67 

2108.07 2106.58 2105.1 2103.61 2102.13 2117.07 2133.3 2151.65 2167.79 

2108.07 2106.58 2105.09 2103.6 2118.35 2134.43 2152.66 2169.71 2171.55 

2108.07 2106.58 2105.09 2119.64 2135.56 2153.68 2170.7 2172.53 2171.63 

2108.07 2106.58 2120.94 2136.7 2154.71 2171.68 2173.5 2172.61 2173.5 

2108.07 2122.24 2137.85 2155.73 2172.67 2174.48 2173.6 2174.48 2173.6 
